dd_low =  0.5086548 
dd_high =  9.714896e-12 
ds_low =  0 
ds_high =  0 
