max_abs_diff_high =  9.714896e-12 
max_abs_diff_low =  0.5086548 
